v 148.9 0 353.87
a 0 125.9932 0
v 254.655 0 349.855
a 0 154.5283 0
v 378.1108 0 251.9995
a 0 197.7189 0
v 250.38 0 373.84
a 0 154.5283 0
v 143.31 0 375.31
a 0 125.9932 0
v 374.65 0 276.37
a 0 197.7189 0
v 360.5859 0 293.8544
a 0 197.7189 0
v 237.13 0 391.71
a 0 154.5283 0
v 131.375 0 395.725
a 0 125.9932 0
v 250.86 0 323.15
a 0 154.5283 0
v 142.942 0 327.1585
a 0.7577713 125.3437 359.9305
v 197.5869 0 333.6685
a 0 139.6376 0
v 128.4449 0 306.69
a 0 139.6376 0
v 181.718 0 296.1715
a 0 154.5283 0
v 73.8 0 300.18
a 0.7577713 125.3437 359.9305
v -108.3073 0 83.03784
a 0 49.67992 0
v -107.0593 0 76.06131
a 0 47.97698 0
v -34.61758 0 -85.65498
a 0.6900978 359.1102 359.6794
v -142.8597 0 113.2128
a 0 49.67992 0
v -141.6118 0 106.2363
a 0 47.97698 0
v -69.17 0 -55.48
a 0.6900978 359.1102 359.6794
v -28.16 0 215.28
a 0 70.37898 0
v 348.9 0 243.04
a 0 195.4893 0
v 272.55 0 317
a 0.7577712 166.3047 359.9305
v 376.14 0 61.08
a 0 239.4844 0
v 362.44 0 21.3
a 0 254.3752 0
v 376.57 0 125.35
a 0.7577714 225.1906 359.9305
v -139.37 0 103.74
a 0 47.97698 0
v -143.57 0 102.93
a 0 47.97698 0
v -141.7 0 101.92
a 0 47.97698 0
v -143.02 0 104.46
a 0 47.97698 0
v -32.8 0 -85.63
a 0.6900978 359.1102 359.6794
v -51.74 0 -81.46
a 0.6900978 359.1102 359.6794
v -55.66 0 -90.31
a 0.6900978 359.1102 359.6794
v -52.21 0 -53.62
a 0.6900978 359.1102 359.6794
v 248.52 0 372.72
a 0 154.5283 0
v 422.38 0 217.09
a 0 210.7668 0
v 421.23 0 222.86
a 0 210.7668 0
v -74.37 0 -81.81
a 0.6900978 359.1102 359.6794
